,A,R,N,D,C,Q,E,G,H,I,L,K,M,F,P,S,T,W,Y,V
A,0.0,0.9846126945270152,0.9596815071386331,0.941982616114755,0.9406850459482039,0.9564637399951492,0.899443052074631,0.7595141700404858,0.9847463486301962,0.9692253890540304,0.9509859554546745,0.9793233082706767,0.9722406015037593,0.9783834586466166,0.806390977443609,0.7853618421052632,0.7951558285025542,1.0,0.9773726769754575,0.8602187286397813
R,0.9846126945270152,0.0,0.991377057747583,1.0,0.9756675279931094,0.9073518379594898,1.0,0.9941860465116279,0.8960171077252072,0.9767441860465116,0.984752084247477,0.6598837209302326,0.9781860465116279,0.9852574750830565,0.9446144430844553,0.9172965116279069,0.9845552991301261,0.8217054263565892,1.0,0.9833215879727507
N,0.9596815071386331,0.991377057747583,0.0,0.7543628974420273,1.0,0.9726350126857557,0.9581148564294631,0.9201382886776145,0.8287485470747772,0.979945126731121,0.9821390714437143,0.8442489651094027,1.0,0.9882624398073836,0.981224127735068,0.8419943820224719,0.9291320010292478,0.9791666666666666,0.9538371846512614,0.99214050618545
D,0.941982616114755,1.0,0.7543628974420273,0.0,1.0,0.9580759551590026,0.6051221434200158,0.9148390616475723,0.9663731963805331,0.9925779317169718,1.0,0.958986562150056,1.0,1.0,0.9898749533407988,0.959552304964539,0.9743652211574901,1.0,1.0,0.9914033956587148
C,0.9406850459482039,0.9756675279931094,1.0,1.0,0.0,1.0,1.0,0.9814814814814815,0.9757343550446999,0.959086993970715,1.0,1.0,1.0,1.0,0.9749025341130604,0.7806712962962963,0.9776646875883517,1.0,0.9161425576519916,0.9343434343434344
Q,0.9564637399951492,0.9073518379594898,0.9726350126857557,0.9580759551590026,1.0,0.0,0.7588709677419354,0.980210918114144,0.7871709306637005,0.9920917729432358,0.9475045648204504,0.9121392190152802,0.9759354838709677,1.0,0.9282682512733447,0.9776209677419355,0.9802696380201921,1.0,1.0,0.9868849788204627
E,0.899443052074631,1.0,0.9581148564294631,0.6051221434200158,1.0,0.7588709677419354,0.0,0.9433048433048433,0.984802043422733,0.9809646856158484,0.9868623340321454,0.9477582846003899,0.996,1.0,0.9691520467836258,0.9652777777777778,0.984959004806333,1.0,0.9868623340321454,0.9824915824915825
G,0.7595141700404858,0.9941860465116279,0.9201382886776145,0.9148390616475723,0.9814814814814815,0.980210918114144,0.9433048433048433,0.0,0.9942528735632183,1.0,0.9828737300435414,0.9714574898785425,0.996,0.9833791208791208,0.9648785425101215,0.8112980769230769,0.9731650029359953,1.0,1.0,0.9516705516705517
H,0.9847463486301962,0.8960171077252072,0.8287485470747772,0.9663731963805331,0.9757343550446999,0.7871709306637005,0.984802043422733,0.9942528735632183,0.0,1.0,0.9675775319887226,0.9819267997580158,1.0,0.9706486042692939,0.9515275257108288,0.9853807471264368,0.9904360796700886,0.9791666666666666,0.9392756451962698,0.9777081156391502
I,0.9692253890540304,0.9767441860465116,0.979945126731121,0.9925779317169718,0.959086993970715,0.9920917729432358,0.9809646856158484,1.0,1.0,0.0,0.8298230217931841,0.9713382292941657,0.9326201550387597,0.9064922480620154,0.9961240310077519,0.9891230620155039,0.930646783833363,1.0,0.986690068743601,0.6124031007751938
L,0.9509859554546745,0.984752084247477,0.9821390714437143,1.0,1.0,0.9475045648204504,0.9868623340321454,0.9828737300435414,0.9675775319887226,0.8298230217931841,0.0,0.9774081429990069,0.7445283018867925,0.8273247978436657,0.961395233366435,0.987441037735849,0.9696816937923088,0.9166666666666666,0.9716981132075472,0.8204688393367638
K,0.9793233082706767,0.6598837209302326,0.8442489651094027,0.958986562150056,1.0,0.9121392190152802,0.9477582846003899,0.9714574898785425,0.9819267997580158,0.9713382292941657,0.9774081429990069,0.0,0.8936842105263157,1.0,0.9671052631578947,0.9289473684210526,0.9053836882282041,1.0,0.9905660377358491,0.9883705475810739
M,0.9722406015037593,0.9781860465116279,1.0,1.0,1.0,0.9759354838709677,0.996,0.996,1.0,0.9326201550387597,0.7445283018867925,0.8936842105263157,0.0,0.9750714285714286,0.996,0.980875,0.9683664122137404,1.0,1.0,0.9117979797979798
F,0.9783834586466166,0.9852574750830565,0.9882624398073836,1.0,1.0,1.0,1.0,0.9833791208791208,0.9706486042692939,0.9064922480620154,0.8273247978436657,1.0,0.9750714285714286,0.0,0.9910714285714286,0.9669642857142857,0.9872546346782988,0.9285714285714286,0.5483490566037736,0.9910714285714286
P,0.806390977443609,0.9446144430844553,0.981224127735068,0.9898749533407988,0.9749025341130604,0.9282682512733447,0.9691520467836258,0.9648785425101215,0.9515275257108288,0.9961240310077519,0.961395233366435,0.9671052631578947,0.996,0.9910714285714286,0.0,0.8506578947368422,0.9518380875853757,1.0,1.0,0.9701621477937268
S,0.7853618421052632,0.9172965116279069,0.8419943820224719,0.959552304964539,0.7806712962962963,0.9776209677419355,0.9652777777777778,0.8112980769230769,0.9853807471264368,0.9891230620155039,0.987441037735849,0.9289473684210526,0.980875,0.9669642857142857,0.8506578947368422,0.0,0.7549618320610687,0.8927083333333333,0.9780070754716981,0.9836489898989899
T,0.7951558285025542,0.9845552991301261,0.9291320010292478,0.9743652211574901,0.9776646875883517,0.9802696380201921,0.984959004806333,0.9731650029359953,0.9904360796700886,0.930646783833363,0.9696816937923088,0.9053836882282041,0.9683664122137404,0.9872546346782988,0.9518380875853757,0.7549618320610687,0.0,1.0,0.9773152815785684,0.9163775156141568
W,1.0,0.8217054263565892,0.9791666666666666,1.0,1.0,1.0,1.0,1.0,0.9791666666666666,1.0,0.9166666666666666,1.0,1.0,0.9285714285714286,1.0,0.8927083333333333,1.0,0.0,0.9488993710691824,1.0
Y,0.9773726769754575,1.0,0.9538371846512614,1.0,0.9161425576519916,1.0,0.9868623340321454,1.0,0.9392756451962698,0.986690068743601,0.9716981132075472,0.9905660377358491,1.0,0.5483490566037736,1.0,0.9780070754716981,0.9773152815785684,0.9488993710691824,0.0,0.976081570421193
V,0.8602187286397813,0.9833215879727507,0.99214050618545,0.9914033956587148,0.9343434343434344,0.9868849788204627,0.9824915824915825,0.9516705516705517,0.9777081156391502,0.6124031007751938,0.8204688393367638,0.9883705475810739,0.9117979797979798,0.9910714285714286,0.9701621477937268,0.9836489898989899,0.9163775156141568,1.0,0.976081570421193,0.0
